0.000455 0.688987 0.016563
0.000621 0.697301 0.025999
0.007543 0.680225 0.011306
0.001934 0.695058 0.019368
0.003524 0.712838 0.032586
0.002637 0.713451 0.045617
0.00808 0.689277 0.03617
0.008106 0.7083 0.054332
0.009576 0.701246 0.053121
0.011349 0.691838 0.041996
0.014364 0.69572 0.050301
0.011799 0.670909 0.07447
0.012157 0.677426 0.081514
0.017754 0.715577 0.019289
0.012782 0.673932 0.067642
0.013981 0.665026 0.076665
0.018841 0.719129 0.027163
0.018091 0.697457 0.057274
0.018483 0.688909 0.055915
0.019606 0.671062 0.057443
0.020956 0.640024 0.050973
0.02208 0.694442 0.061807
0.02275 0.678682 0.051334
0.028553 0.717084 0.026047
0.028256 0.683088 0.041345
0.028054 0.639808 0.050378
0.028474 0.670531 0.048729
0.026735 0.69956 0.059725
0.024372 0.692837 0.069762
0.028264 0.661587 0.08172
0.029856 0.717725 0.061874
0.030253 0.648922 0.052325
0.030559 0.417147 0.535972
0.031348 0.422876 0.547128
0.03705 0.707359 0.028418
0.034802 0.690665 0.036849
0.036474 0.729998 0.047161
0.033824 0.66417 0.051113
0.033016 0.634466 0.054229
0.036857 0.717654 0.064652
0.035213 0.698507 0.075785
0.036216 0.689331 0.085023
0.036755 0.407505 0.53174
0.037805 0.426288 0.541359
0.035235 0.417988 0.554548
0.038349 0.414929 0.598534
0.037122 0.408891 0.557023
0.038563 0.388065 0.597375
0.040325 0.705913 0.074562
0.039457 0.407501 0.474943
0.03935 0.397601 0.557032
0.041028 0.66095 0.097213
0.039961 0.668229 0.113999
0.046638 0.718166 0.036065
0.046563 0.729854 0.04359
0.046626 0.737667 0.056715
0.045326 0.728749 0.068964
0.04795 0.706484 0.083493
0.044015 0.672518 0.116203
0.046925 0.408228 0.474849
0.04146 0.392084 0.482937
0.048126 0.378401 0.530011
0.046232 0.415682 0.533866
0.044951 0.386573 0.559988
0.045741 0.415454 0.556369
0.046838 0.39819 0.581947
0.040619 0.381772 0.59439
0.045388 0.407429 0.598681
0.042477 0.369095 0.018376
0.041948 0.361149 0.018662
0.043199 0.368255 0.027456
0.046013 0.678914 0.105758
0.048248 0.377754 0.51338
0.045401 0.376653 0.550875
0.047884 0.368535 0.550831
0.047068 0.387898 0.57907
0.04649 0.386964 0.018427
0.045627 0.349733 0.035956
0.04489 0.359912 0.038705
0.047646 0.651051 0.113472
0.047333 0.396896 0.489624
0.047606 0.377669 0.541349
0.048969 0.327897 0.01649
0.047004 0.387681 0.046126
0.047057 0.405025 0.046445
0.048057 0.396535 0.057825
0.047342 0.648912 0.096937
0.046693 0.404138 0.487847
0.04876 0.349379 0.550968
0.048423 0.371148 0.594399
0.049597 0.339936 0.046224
0.049873 0.405623 0.073916
0.050053 0.385798 0.568935
0.051751 0.365533 0.002467
0.053402 0.709642 0.039445
0.055561 0.697752 0.048604
0.050433 0.378512 0.056032
0.055944 0.669511 0.066358
0.05109 0.400057 0.081136
0.055261 0.697547 0.088399
0.050305 0.644716 0.089479
0.05182 0.682474 0.108029
0.051598 0.654693 0.12001
0.0563 0.377478 0.473072
0.050566 0.370784 0.489875
0.050643 0.351468 0.510483
0.050437 0.369871 0.52707
0.051452 0.341918 0.550173
0.057231 0.399033 0.561879
0.057022 0.395265 0.581962
0.056525 0.368336 0.595823
0.052409 0.337779 0.003026
0.056132 0.320109 0.00736
0.051609 0.320965 0.018298
0.052586 0.320046 0.037099
0.053965 0.146856 0.035861
0.050727 0.143461 0.045587
0.051264 0.361149 0.051316
0.051602 0.135341 0.055412
0.057639 0.745511 0.057276
0.053399 0.385925 0.074617
0.057725 0.406318 0.083329
0.052979 0.631309 0.093692
0.057829 0.632706 0.110779
0.056107 0.397269 0.494569
0.053009 0.347941 0.522209
0.05271 0.365715 0.538958
0.056945 0.34971 0.571051
0.055679 0.379063 0.004679
0.054216 0.302355 0.036721
0.056265 0.154741 0.045822
0.05803 0.35028 0.057384
0.056423 0.746884 0.074964
0.057538 0.622946 0.104245
0.055066 0.367918 0.501797
0.054217 0.359626 0.541118
0.058587 0.368818 0.000854
0.0585 0.403845 0.027105
0.05682 0.292084 0.036842
0.055725 0.311327 0.046893
0.059105 0.125739 0.064049
0.056696 0.73763 0.083379
0.057773 0.386184 0.09343
0.059252 0.400027 0.482185
0.056557 0.338148 0.509791
0.058863 0.339553 0.530763
0.05872 0.339379 0.542527
0.059497 0.311129 0.010079
0.059549 0.156173 0.055268
0.056267 0.368367 0.065279
0.058766 0.368086 0.085948
0.059159 0.329017 0.543676
0.059707 0.11605 0.037467
0.058744 0.413144 0.066783
0.059797 0.352523 0.493292
0.061404 0.321608 0.00225
0.066056 0.399019 0.016173
0.060838 0.116797 0.03169
0.060746 0.71346 0.042606
0.060962 0.161904 0.049358
0.060028 0.292348 0.054834
0.066234 0.125939 0.068081
0.064426 0.416316 0.074238
0.067197 0.660132 0.076973
0.060955 0.728431 0.090149
0.061322 0.624093 0.090002
0.065819 0.620779 0.102697
0.066801 0.388739 0.473808
0.065819 0.398107 0.492487
0.060282 0.333066 0.518649
0.064386 0.39629 0.55991
0.065434 0.319477 0.588645
0.065055 0.386697 0.589602
0.066387 0.31045 0.628069
0.066521 0.309995 0.639746
0.065766 0.319609 0.647568
0.062181 0.38244 0.003195
0.064577 0.106097 0.0379
0.067003 0.156487 0.03509
0.06497 0.708396 0.047847
0.063666 0.271346 0.056682
0.066385 0.119155 0.063577
0.064427 0.341282 0.065151
0.064137 0.330162 0.065493
0.06747 0.650628 0.084707
0.066718 0.688154 0.110781
0.063883 0.338274 0.49919
0.062711 0.326882 0.511038
0.061989 0.335133 0.539572
0.063534 0.317849 0.549991
0.062687 0.318824 0.57848
0.066366 0.329902 0.595219
0.066707 0.293584 0.625781
0.066477 0.330788 0.000729
0.066447 0.145161 0.029913
0.063662 0.262474 0.046351
0.067787 0.728544 0.045428
0.064736 0.261621 0.057171
0.065608 0.164034 0.06551
0.066109 0.301315 0.066174
0.068503 0.352839 0.082283
0.067395 0.74688 0.093786
0.068575 0.397783 0.095109
0.066349 0.379067 0.096773
0.065767 0.640965 0.112446
0.066862 0.350304 0.454418
0.068556 0.359051 0.46308
0.065797 0.350747 0.474697
0.068253 0.320517 0.522616
0.068422 0.397559 0.540598
0.066161 0.310146 0.580778
0.067078 0.349607 0.595529
0.068322 0.300841 0.619226
0.066892 0.260868 0.036071
0.064692 0.65918 0.119539
0.067871 0.396629 0.549269
0.068261 0.329792 0.629596
0.069312 0.253742 0.037777
0.068555 0.261129 0.065633
0.068485 0.330673 0.074332
0.067506 0.416895 0.135206
0.069029 0.312895 0.542262
0.069055 0.352556 0.000739
0.0698 0.172163 0.047783
0.069758 0.182267 0.065689
0.06994 0.42552 0.074827
0.070023 0.318722 0.084419
0.069178 0.425641 0.094567
0.069752 0.30061 0.096104
0.068015 0.280503 0.105122
0.069915 0.716172 0.101081
0.068694 0.261519 0.115381
0.070272 0.402268 0.116622
0.069423 0.270832 0.123043
0.068076 0.260946 0.125454
0.070332 0.267502 0.130708
0.067719 0.40736 0.142544
0.068965 0.417247 0.15348
0.070618 0.322276 0.483624
0.068581 0.322319 0.532133
0.069709 0.284078 0.616874
0.075591 0.26164 0.025319
0.072385 0.239075 0.046995
0.070686 0.157668 0.070881
0.070675 0.293182 0.073343
0.071064 0.325423 0.080886
0.070872 0.262847 0.098012
0.070935 0.288527 0.112023
0.071465 0.276389 0.124069
0.070176 0.251269 0.141204
0.070411 0.242155 0.145937
0.070776 0.411644 0.170016
0.076097 0.357372 0.45376
0.071337 0.39452 0.538968
0.072108 0.383965 0.570197
0.07665 0.33046 0.618749
0.077639 0.38557 0.001774
0.076527 0.394766 0.010029
0.076904 0.399778 0.016238
0.07566 0.106192 0.02745
0.077084 0.137375 0.028905
0.076073 0.156362 0.033897
0.075793 0.107097 0.036902
0.076126 0.232272 0.046084
0.07119 0.178979 0.051316
0.072714 0.421162 0.054046
0.077742 0.42459 0.056325
0.071869 0.184708 0.067069
0.076002 0.765074 0.065474
0.072133 0.254024 0.069678
0.071554 0.261901 0.07022
0.072973 0.282603 0.075423
0.074737 0.430254 0.075525
0.071782 0.286677 0.081105
0.076443 0.351071 0.083085
0.076207 0.651914 0.087112
0.077755 0.434511 0.085778
0.076533 0.318908 0.095062
0.076213 0.747868 0.096528
0.073557 0.397077 0.098415
0.076801 0.729474 0.100911
0.077029 0.398191 0.104229
0.076018 0.718133 0.10288
0.071228 0.295843 0.104592
0.072495 0.430088 0.113382
0.075311 0.679711 0.116279
0.073466 0.28187 0.123156
0.077321 0.28058 0.132869
0.075667 0.427195 0.143535
0.072083 0.254382 0.145807
0.072638 0.222482 0.153245
0.074478 0.404347 0.162847
0.072666 0.59101 0.405301
0.072249 0.599762 0.415607
0.072128 0.621763 0.424367
0.071412 0.622088 0.434276
0.072427 0.647518 0.4346
0.071912 0.630624 0.444701
0.072371 0.669876 0.445015
0.07293 0.631485 0.454109
0.072312 0.669636 0.453122
0.076241 0.332692 0.457354
0.076663 0.367827 0.469959
0.076357 0.387045 0.481621
0.074572 0.393098 0.494805
0.073041 0.394517 0.521251
0.075729 0.310175 0.531597
0.071714 0.305725 0.557008
0.074473 0.37851 0.58071
0.072391 0.368711 0.594856
0.076646 0.339094 0.597002
0.07595 0.328217 0.607917
0.074533 0.310694 0.617208
0.073926 0.327671 0.638935
0.077766 0.183302 0.048028
0.076321 0.242667 0.073175
0.075342 0.63098 0.098894
0.076283 0.233222 0.105053
0.077661 0.2911 0.12294
0.07572 0.728004 0.12396
0.073702 0.727193 0.144006
0.074043 0.213366 0.15413
0.07763 0.424992 0.162764
0.077259 0.424986 0.181676
0.074141 0.552701 0.366991
0.074097 0.552199 0.376674
0.073002 0.572536 0.385007
0.07339 0.581644 0.395205
0.073312 0.611353 0.404559
0.074055 0.572619 0.414552
0.07513 0.65003 0.414272
0.073815 0.590791 0.423822
0.073724 0.679947 0.42559
0.073371 0.679374 0.434654
0.073817 0.592643 0.434855
0.076248 0.590878 0.444372
0.073827 0.671869 0.46281
0.07738 0.309257 0.491967
0.076805 0.379551 0.570545
0.077582 0.274234 0.606302
0.077611 0.696478 0.062322
0.07805 0.310496 0.10373
0.077646 0.434621 0.123631
0.0767 0.212241 0.133635
0.07781 0.737236 0.143146
0.077407 0.697176 0.153203
0.077089 0.72862 0.16406
0.075944 0.660242 0.17152
0.075752 0.669191 0.182594
0.078633 0.424707 0.188522
0.07706 0.707577 0.191139
0.075282 0.691404 0.203411
0.074918 0.697969 0.220286
0.076176 0.69765 0.229875
0.076762 0.543033 0.318394
0.076161 0.533524 0.338492
0.075927 0.552127 0.344566
0.075643 0.572192 0.364968
0.07633 0.541601 0.376055
0.074564 0.599603 0.393531
0.075829 0.561651 0.403199
0.076567 0.562408 0.415926
0.076613 0.727781 0.405271
0.07594 0.717279 0.425683
0.077507 0.599718 0.45293
0.076456 0.621596 0.463335
0.078464 0.311141 0.48442
0.077104 0.30998 0.609297
0.079067 0.234922 0.040343
0.079299 0.718884 0.053581
0.079507 0.433087 0.074139
0.079466 0.233357 0.099131
0.079256 0.660167 0.12362
0.078974 0.736607 0.123769
0.077785 0.660083 0.134335
0.077206 0.65961 0.140906
0.077329 0.658301 0.152512
0.079103 0.401977 0.161675
0.079181 0.232972 0.170176
0.077506 0.697649 0.171273
0.07845 0.660823 0.192497
0.077231 0.679002 0.210754
0.077682 0.72825 0.230264
0.078145 0.696847 0.238892
0.077875 0.707144 0.25107
0.077656 0.7278 0.268697
0.077594 0.524194 0.288849
0.078962 0.542858 0.298012
0.077764 0.505511 0.30848
0.077312 0.513838 0.3189
0.077661 0.746667 0.327689
0.076367 0.554204 0.337745
0.077732 0.562961 0.33832
0.078678 0.572883 0.34651
0.077072 0.738323 0.357818
0.078779 0.766622 0.356881
0.0771 0.532923 0.367767
0.077367 0.73857 0.375908
0.077876 0.746976 0.385478
0.077682 0.717918 0.394695
0.079305 0.543084 0.403008
0.077256 0.639083 0.40563
0.078889 0.680297 0.404569
0.076819 0.728068 0.423965
0.076486 0.71747 0.43542
0.077499 0.722421 0.44252
0.077433 0.700068 0.462697
0.077821 0.68038 0.47045
0.079289 0.303894 0.513621
0.079702 0.291676 0.551852
0.079367 0.366305 0.000705
0.079581 0.204135 0.072021
0.079887 0.716145 0.114044
0.079433 0.649076 0.131967
0.078413 0.698661 0.162356
0.079979 0.65221 0.181823
0.080006 0.725372 0.213329
0.079909 0.737425 0.230717
0.079505 0.706696 0.259564
0.079469 0.494934 0.260703
0.079265 0.7126 0.266139
0.079604 0.524057 0.270077
0.079934 0.494722 0.278979
0.079728 0.755493 0.278955
0.080022 0.532817 0.280271
0.080091 0.541014 0.287813
0.078632 0.73727 0.297899
0.0798 0.496941 0.307783
0.078367 0.746543 0.306526
0.079417 0.502837 0.317643
0.079631 0.73651 0.317314
0.079645 0.507427 0.335722
0.079275 0.730878 0.347865
0.07958 0.730028 0.358791
0.079997 0.728698 0.368415
0.079846 0.764661 0.376404
0.078955 0.755391 0.386686
0.079536 0.639576 0.395426
0.07908 0.688821 0.403376
0.079403 0.74537 0.424716
0.079514 0.724781 0.450136
0.079262 0.639283 0.472075
0.079367 0.372066 0.582359
0.084829 0.39829 0.017317
0.084809 0.252555 0.027839
0.085564 0.727171 0.054987
0.084894 0.698783 0.065117
0.085243 0.145163 0.069665
0.08463 0.768368 0.07669
0.082546 0.656214 0.082226
0.085697 0.36906 0.096055
0.085257 0.737826 0.102501
0.081476 0.728173 0.112706
0.080666 0.651037 0.122658
0.084856 0.291411 0.132142
0.081085 0.395357 0.135526
0.081085 0.275957 0.144119
0.080751 0.642998 0.150994
0.082356 0.639939 0.164209
0.080932 0.709794 0.173765
0.082871 0.428075 0.180849
0.081085 0.655647 0.195677
0.081196 0.667172 0.213018
0.080785 0.734942 0.224786
0.080424 0.486606 0.230908
0.079971 0.485651 0.239977
0.081193 0.686338 0.239265
0.083529 0.688685 0.250353
0.080553 0.744681 0.249145
0.081548 0.515338 0.247573
0.08158 0.524797 0.258086
0.083331 0.534222 0.261204
0.081897 0.476088 0.269301
0.081297 0.535586 0.27624
0.081655 0.48427 0.287798
0.082414 0.545791 0.287828
0.081084 0.725366 0.298655
0.081322 0.554639 0.306251
0.080404 0.499496 0.315978
0.082046 0.496114 0.32767
0.082681 0.572271 0.327552
0.081733 0.726015 0.337573
0.081883 0.583103 0.344988
0.081553 0.776895 0.357941
0.082432 0.776073 0.367335
0.081148 0.724723 0.367428
0.08382 0.62138 0.376227
0.081018 0.770191 0.386342
0.080342 0.765017 0.393958
0.081706 0.768129 0.397891
0.082252 0.68925 0.39468
0.080855 0.762937 0.411173
0.082293 0.764992 0.414822
0.080927 0.740098 0.437414
0.080791 0.584566 0.4499
0.085793 0.358706 0.456136
0.083815 0.309575 0.471785
0.084833 0.370551 0.470145
0.084067 0.708157 0.473254
0.081175 0.678673 0.476946