0.46875311048266 0.0756539601443221 0.667909410186107
0.729366546493605 0.153104299047957 0.374120822511017
0.722439706977271 -0.0435645013101189 0.299040829634486
0.562840698730606 0.612439276781109 0.217154004022756
0.663587376885569 0.466080275820666 0.181802434157559
0.427230706401345 0.306755175849604 0.563422005955649
0.480403589357603 0.265324780955256 0.770803015065737
0.580358485194295 0.550818014699254 0.214792047746551
0.757259111393908 0.142033735119317 0.241122079906701
0.424969127112473 0.130589023722668 0.815607814288221
0.61288690719116 0.435580523493798 0.299412051330886
0.715393032639283 0.0221784434677153 0.501135025368401
0.37439454314083 0.361056955855665 0.556074523492321
0.565692113235754 0.185079924464204 0.559771078072044
0.391649701408925 0.323674496263591 0.46132376801157
0.547797880820821 0.00216069617811792 0.596909598933372
0.457531041322147 0.570051051885892 0.303171360573501
0.681162740893368 0.0117504412869269 0.537526645099842
0.539033879244321 0.63048550096938 0.331433349469471
0.412403270812472 0.430325461456022 0.273999451176552
0.418782073354229 0.184383665458509 0.621172984952863
0.385423138341831 0.515187854745172 0.590447240185877
0.555692391591197 0.179058875520262 0.775585539315687
0.547364388260761 0.287311460528988 0.322399669027611
0.557627122361573 -0.128272626292351 0.349093434455808
0.625045929313364 0.495586646012375 0.23553400632435
0.518881614276002 0.553734048482378 0.0876715992669283
0.568923706106883 -0.0886769685894088 0.415336392560417
0.71500235768808 0.426495005990639 0.213615657533879
0.62902032996885 0.471055485603767 0.128815749286884
0.604422184845051 0.0667495357344632 0.248966236630365
0.517406408457797 0.319162656410757 0.166352238818852
0.547219449552563 -0.111646732956125 0.336935102551342
0.554575990447319 -0.0862178536462064 0.424243743704487
0.559093397223554 -0.0713070904490717 0.375889889849907
0.501188458333526 0.453922639450378 0.397078416118064
0.487928788469664 0.561048668964121 0.333042899601348
0.613100670030731 0.405775908742523 0.299129232635027
0.391537834833425 0.435905638179561 0.459140205012261
0.385560020672708 0.186356414809536 0.773787655706658
0.74656643777525 0.114823288691312 0.286869057784864
0.754697605608426 0.213006196259178 0.23389962265206
0.362831332253101 0.449801574709818 0.588524806720872
0.54826118111109 0.0935308559910044 0.691627704299402
0.489952278847449 0.654337286556802 0.275622451194186
0.697705379151709 -0.022716301584132 0.545930303394722
0.584609760004422 -0.0269199597498174 0.759118277940774
0.580644804970976 -0.0425956413923197 0.564483786569132
0.364056041281982 0.137728772290032 0.794222455138358
0.513830419930605 0.546477544600138 0.437123347710034
0.536134863836827 0.0259195432865762 0.465227250843192
0.543447202931645 -0.177735832848358 0.318653146724245
0.641804910014828 0.550409180001841 0.227232450499701
0.446431390776327 0.11324514026361 0.567977501405856
0.851045417957999 0.0429721846585395 0.380019000345582
0.447909658084599 0.20524926472799 0.844305251330984
0.579584130394474 0.302276680210841 0.472484096937194
0.416078502731669 0.410511759835527 0.444257915329405
0.38143783674642 0.403700612533235 0.501718998791299
0.554425384540493 0.323343626142127 0.515704781794548
0.721769592335095 0.123332769359555 0.419343952606272
0.502072403776017 0.513544805302521 0.443472731336745
0.526929111052801 0.0254916372285509 0.495210104322478
0.472749848619849 0.232065744519555 0.594557751607188
0.543673310108914 0.0733187219541252 0.783820452156104
0.628222024067916 0.0812616172854057 0.821523598821144
0.493586680731723 0.0814707606425349 0.751321616343751
0.488448036603896 0.448214990159662 0.413118029793197
0.409035037803069 0.277426779312937 0.444343080256372
0.643867388746547 0.48764267392496 0.370970830372789
0.657780064712368 0.127474251044289 0.438851834568592
0.512356279865438 0.354193108644165 0.144275370591459
0.574903880119106 0.29347491685549 0.492980748696521
0.696193629084111 -0.0727707696746741 0.50606725982072
0.567042244412438 0.391075870997481 0.301841210902248
0.531409985339231 0.485960353864404 0.208527487329956
0.556995115560786 0.168519611675479 0.44109272895721
0.437969950958639 0.342373780015376 0.208928366100304
0.356193927418919 0.493765953940015 0.561628853756892
0.441825161003567 0.45624136509147 0.440322510167221
0.849366469051947 0.0353587396955808 0.334945755793366
0.57105328343034 0.528476418944378 0.213901330211009
0.404164486278859 0.587314638941728 0.545035749279699
0.562273155394112 0.16463111619002 0.545205246737523
0.570222119322757 -0.0419740636439605 0.76091194387702
0.711009435738495 -0.0716690501926353 0.482451412330266
0.48507404942999 0.689772863510936 0.290037871429904
0.602191176782872 0.543708473264573 0.229804693435666
0.616526139052 0.116617651686308 0.584020526732311
0.515569389807351 0.536574716754078 0.439554346501438
0.539892476217266 0.236576740453588 0.504534211185446
0.441445405556224 0.608843107251097 0.479187043945511
0.707041032891721 -0.0675085746689192 0.293837475845451
0.427293186930859 0.353619939405076 0.266614936590837
0.601043025945518 -0.142272263897066 0.353758282967053
0.405668471060123 0.387269377427954 0.613447127346774
0.572474825443132 0.0780214892698829 0.791139432855666
0.682752168945326 0.500883704055283 0.334875575774453
0.52738533887742 0.0822722081226472 0.84532529591707
0.69573388207463 -0.0569374722577329 0.517270441270976
0.485768432539452 0.219333862897734 0.292965065418027
0.439667166921283 0.492092599908214 0.280271491018061
0.531040864663618 -0.0530490381034232 0.465845133398091
0.535889490323863 0.138872056179832 0.745848323278274
0.510550686382405 0.395876187519484 0.469343508201973
0.651012896033389 0.1338235799084 0.221867288351929
0.545111554259185 0.250672659071197 0.281694445398628
0.647057364193563 0.471152360106334 0.136345596769285
0.561099411108152 -0.00788520466452031 0.586394730002336
0.388545279252244 0.473155189284264 0.336749802929572
0.515940835450208 -0.0526227761861454 0.43241970026976
0.666764989494389 -0.0276296321186867 0.802889291309876
0.424052912814017 0.408068173024072 0.185887179278729
0.609017127669683 0.121268941617619 0.73905555105899
0.396469263570476 0.414933201905862 0.603078556841474
0.699201013834809 0.596679642134605 0.201403122913639
0.564140069706936 0.147026114219876 0.695010148489043
0.707727316822136 0.459952690454139 0.225929946932123
0.442921377646544 0.454108810504372 0.60485883730623
0.518133036698505 0.313167140161627 0.188720541262387
0.619349765861788 0.597808102225212 0.122527250327675
0.547307697638294 0.57853495994381 0.163538065766719
0.59079668573636 0.3473744236163 0.224017235498323
0.612081748791163 0.0385849542587749 0.875587144006204
0.57477201708326 0.171870423514542 0.416848324064334
0.549114865916747 -0.0357864018035705 0.720992968050817
0.446694167249144 0.0821449296490538 0.660315758772067
0.576128747337485 0.0368173793568466 0.618156158686813
0.718142907230927 0.451493237175959 0.230265704336243
0.535465167757217 0.521916309500839 0.0751139342349535
0.512606686904596 0.518403977122221 0.272901139733582
0.447024073605544 0.427542651413087 0.454395409567251
0.49580575413831 0.519713004185598 0.0803117455459952
0.572976386852831 0.29738544426657 0.313814724708322
0.533751396781867 -0.0315726984063779 0.259242097651035
0.332730798304053 0.223847755324955 0.712025595993142
0.509236721118821 0.615592415456524 0.321942665995389
0.48088095783741 0.385412494224868 0.594958530220045
0.433935155456477 0.465966729339856 0.141949213464543
0.690042976601462 -0.0875440152518801 0.314778277491911
0.609783635441933 -0.156608313712451 0.333215085401667
0.672193007689879 0.424669867695791 0.28641465421382
0.807307412603422 0.102496141065818 0.343198334976675
0.383896234482931 0.166251282154277 0.620627707553694
0.459480252444861 0.31346164011931 0.37701130148895
0.650772582786525 0.492583793133202 0.375892443492907
0.47326561787944 0.197885462286085 0.427500674608893
0.432020953355901 0.528976067830035 0.301062522882831
0.512241019708968 0.414628373031849 0.557989555734579
0.404431798839004 0.216228543902659 0.841022866377812
0.678811913186035 0.17563135953804 0.25297739593093
0.465504421524169 0.338300069455474 0.742076963821815
0.699607742211399 -0.0868071952754623 0.47253244800448
0.641447655860236 0.379475620065597 0.147812888209277
0.511902489250617 0.355091956806157 0.391798855483845
0.523208232821137 0.17749127644755 0.530319915624806
0.583492423644228 0.576134183241585 0.227039498141473
0.424457308119077 0.379252900917743 0.307370697829467
0.586954690345146 0.0822985040722941 0.792785375112212
0.606028039357424 0.0288749547754613 0.710990559933794
0.522203325830094 0.25344144821096 0.719243644836651
0.437235038819806 0.494919476282692 0.600686518771823
0.380015916253758 0.214615277536924 0.756228860045685
0.472490758848928 0.182633782068346 0.302516083441178
0.670278680947049 0.0865809220873256 0.483836281586186
0.612554271253471 0.0422825143222666 0.243533984812765
0.434131453846142 0.765841700958176 0.436803870281239
0.416388452986637 0.156339623507953 0.803512183938333
0.547840425094127 -0.0493853549440378 0.831868589301721
0.448938546007566 0.08702402188386 0.735969521456956
0.4646731786216 0.202121411515742 0.43055576158973
0.431228857228565 0.247025650489016 0.813542857277652
0.685795378831002 0.44405038665568 0.262647916343913
0.499800521334306 0.492356197141855 0.472366105082279
0.625583705554865 0.0757369916586853 0.827635959807689
0.577009999788629 0.307232465927065 0.489234514437431
0.465361559698837 0.280977975368552 0.776603574232466
0.673037557585825 -0.0629865315472542 0.803867070732347
0.479040796178757 0.471284337419459 0.238140110747169
0.465294847092068 0.29398780383954 0.759249175874886
0.536335698903036 -0.0407560566337559 0.888104717024167
0.591034510287277 0.540839026902972 0.411543461037432
0.66002563567196 0.0374969595027949 0.713438389271106
0.453625151626265 0.490554302306521 0.128539479747017
0.456492495519783 0.113455707760373 0.832446153857042
0.58766048668594 0.426180904209994 0.28314587803865
0.502285167182976 0.103029931350138 0.361031292039677
0.549957925321717 0.472885001297251 0.271401367352489
0.589444646748891 0.13783224287987 0.541587968137705
0.543664089315542 0.0164498436138527 0.718159276834039
0.55031779819883 0.465360931154275 0.104512830742185
0.449945395878728 0.303173758754487 0.395774601055895
0.485382904176099 0.303557309557907 0.629985682701574
0.354778482753039 0.593440687647192 0.452408118711123
0.628541855627572 0.0490942436531317 0.750220498253316
0.678275969469887 -0.120201772538776 0.433889830918547
0.707568949487929 0.502015222803826 0.328195836983158
0.353250120458302 0.19813982720901 0.789476395413359
0.486092891017156 0.358987270131747 0.410132899478685
0.420868658365887 0.280490441830967 0.547367339027684
0.534792116983631 0.368422522758845 0.443249260292015
0.580626134404725 -0.0523961062507193 0.29422610591798
0.396484883911716 0.162010169239694 0.792478309766246
0.579337335202159 0.69464201592332 0.270865420667867
0.676577185077487 -0.0645736990397381 0.520209218042954
0.44853843942362 0.534514862220226 0.578039930734597
0.515217043465735 0.665185372921767 0.349468868221658
0.372565082028273 0.495249346008395 0.353009706707536
0.551610972676339 0.200438845763132 0.604904056951231
0.553233401417292 0.0180764057474311 0.903849097899304
0.540384037478483 0.543500046693302 0.139178314660198
0.516541485203833 0.217535508988205 0.505662706209044
0.458605458122504 0.181757666308998 0.371453469795848
0.402488845800432 0.331815897530926 0.554596908092202
0.642943392135474 0.182110717309991 0.231234901032499
0.829462023191073 -0.00179173620732323 0.311286996971824
0.398203890796757 0.556321339614836 0.578984795872871
0.56908039487066 -0.0682487412220903 0.503341864708368
0.612480184713036 -0.059915721310473 0.804148114430936
0.843443916535865 0.0659149647724648 0.324020794661842
0.538112392940186 0.171285985857421 0.238580067800231
0.572287804456401 -0.087572089062588 0.39988575120184
0.41748546638379 0.239583204472202 0.663363195217262
0.567032714415332 -0.0738078412827821 0.42569071489459
0.77880646947101 0.0784475332115343 0.317663026741577
0.513793357533832 0.162538832492303 0.503307500912389
0.568613319285379 0.377913928698828 0.128145693785865
0.603439042439588 -0.00568954301369952 0.594917020820283
0.3701682750541 0.37367608719818 0.496731132520976
0.492638310916123 0.372776163610869 0.137557732220802
0.475917765894576 0.656278432748151 0.390954532294763
0.499963751726162 0.0354028772170126 0.767001460027115
0.4991395748304 0.591814163469522 0.448075910998426
0.793887074673655 0.00182540625027077 0.403940340878858
0.571739693799503 -0.168226828371656 0.324374246359641
0.61573831584807 -0.0646386552273525 0.288386677341379
0.528682878878024 0.100927235033174 0.676608221370782
0.658430590164145 -0.0845798992826098 0.521860585587356
0.756723116826296 -0.0275771106439068 0.378966387680341
0.495702080238663 0.0750641954410241 0.612229132165311
0.48067738368531 0.580483111907997 0.326590149740398
0.516331105363088 0.0787291188771049 0.287361904764087
0.593501977471986 -0.0760189874927159 0.525241665000143
0.51315207868031 0.582827086396676 0.416979824083635
0.627877529847467 0.60678355374153 0.121573633042056
0.433469959365188 0.701704517741639 0.489383601129534
0.464985186102183 0.104738218938679 0.254000745308241
0.516930617616678 0.114620516225634 0.860591287511566
0.610206618191653 0.0811368673534935 0.233881860396621
0.600562528195109 0.068635658675469 0.737861527615063
0.721406466327852 0.0154902322382121 0.48858641997679
0.423698887878301 0.430856208945697 0.2015133625589
0.45359348452193 0.48272621664178 0.124986957080003
0.454724249493338 0.286909294244475 0.573464679721037
0.616830356234584 0.453752404827832 0.246054031112721
0.579935777126876 0.170881192243517 0.596180242003053
0.516689974784252 0.457992093503392 0.115514101796986
0.598080924684134 0.491706518829901 0.387590637434009
0.386018047573508 0.598787530940901 0.391393483077674
0.350908331132934 0.560455498762136 0.48731154404682
0.507165706481841 0.00235093230963441 0.231793422999237
0.530832521961379 -0.0993114075895205 0.339853764445144
0.725869131949402 0.225020961019637 0.318567507074893
0.696567365477274 0.496886885939294 0.143713842471871
0.369398255932723 0.539683634631335 0.603434801958546
0.50873997525225 0.285256595060643 0.719079134102961
0.686590109941311 0.164179840880289 0.254308080511629
0.546126309487851 0.0872425164561491 0.843237574207758
0.608110975233028 0.0237315895781809 0.883201222757074
0.655523286310835 0.48778582251981 0.258511971006071
0.590618730986789 0.0720813070224931 0.220483443512861
0.346739003446579 0.440454192273995 0.537406595818006
0.511759227622519 -0.0511668410570869 0.36260886570477
0.428812869286508 0.613835541956631 0.507226867124908
0.71696268544354 0.108526980075504 0.254434890973993
0.472216679688809 0.33010571487965 0.218306122714352
0.525349209830036 0.24007044087829 0.796265516713539
0.418717380897133 0.39114203612175 0.271279373717272
0.696675797344996 -0.00871779271974853 0.522109920689091
0.51057171303518 -0.00791149422812821 0.433122057751848
0.670223442930089 0.44491617915191 0.137099479067262
0.683971142622189 0.0757392746443657 0.259360400058517
0.589933078225148 0.114316706776995 0.508746414935977
0.518448981522583 0.0442427613343628 0.690236195525997
0.541479053348977 0.334087651541551 0.287140783591488
0.503724103523633 0.312824023201277 0.261355766550943
0.421233624528483 0.745336911069828 0.383186799328114
0.38870758177057 0.47292286848504 0.436964868519431
0.530195290991636 0.343320780275512 0.142316542617038
0.544483631673493 0.0454168763837666 0.825327842266417
0.524904013499797 0.490380888140231 0.186181491398516
0.604727270583059 0.635988926469829 0.290659614407009
0.426548462656915 0.618202939294508 0.478823516150379
0.531874308363762 0.517965097548606 0.326837356385819
0.466166325117828 0.0678553688535201 0.643290830547814
0.587706168364613 0.536480312785457 0.223864610939092
0.541059502358994 0.503499256047841 0.201407906190846
0.809411485823681 0.108431211501352 0.385320286914959
0.570683451248721 0.309180464373531 0.493905708322629
0.494177996665819 0.0638785454534994 0.605513031109979
0.498399192758663 0.20693340878033 0.563584800190387
0.554994197317167 -0.0593615359578496 0.293807643036586
0.599993802672373 0.0466892095385217 0.704822394514477
0.59233549116432 -0.0993132807749882 0.413795802482576
0.437933704655704 0.394203208768073 0.334393929255902
0.554597000201985 0.46469578044667 0.291118512961161
0.424415366538767 0.618226255952851 0.489216172225231
0.644693527492789 0.488159416746408 0.339829286073365
0.501076199483686 0.557248771170013 0.473888849865424
0.483988107823147 0.301164208075209 0.740968393686743
0.633766523395427 -0.0228515219824499 0.727960634258545
0.447521693301268 0.617928404294299 0.446969559098411
0.53528562075622 0.377322742778413 0.317561086123256
0.552015084948879 -0.00695722838604911 0.736224424660464
0.432029468874753 0.218694415489011 0.423687332313985
0.466093850550062 0.224185877347517 0.56771702976342
0.568270451652276 0.541983984214972 0.0971411197629397
0.430267352106913 0.725558258721081 0.478305215063773
0.344243250036143 0.470202189462669 0.532251703753289
0.441268658290223 0.291870907614771 0.559878553015502
0.47957575930417 0.308582374171556 0.715113302224385
0.622057978825851 0.143008626663176 0.423561069083242
0.559233437283059 0.595789996946476 0.242401437693588
0.739217371651814 0.0724392650063526 0.292045664954284
0.614347007236095 0.351567315838476 0.197527770769171
0.522284856003632 -0.149531426731247 0.341525853705865
0.460587125120954 0.139049284486198 0.336497662469542
0.582360204953181 0.160876152298697 0.62005587224668
0.471802200970627 0.1881195064315 0.548215099188321
0.407971904039402 0.186895481783601 0.781626688055449
0.606972588757576 -0.109643424063182 0.307746002006583
0.524791537370996 0.108245420179522 0.489778841708452
0.503151611181568 -0.0185367999380929 0.302501417291758
0.464701529127792 0.223138898134073 0.814316102384198
0.700254439262724 0.0179872867217112 0.537694552775763
0.56433797271975 -0.0635839428726986 0.719467828620156
0.551005015151795 0.448776474703698 0.0988910974848457
0.439519071328119 0.465111248807799 0.212423653837376
0.5813623517539 -0.00807506684592185 0.704137205372131
0.422493037650019 0.399055733589738 0.32851919127926
0.594667124662531 -0.0799103820535465 0.539176164857449
0.621338454148778 0.286812961575355 0.361796596380543
0.440680188653244 0.457437636833952 0.155236538651854
0.703862354592687 0.410781005494423 0.161275650831762
0.765202121645635 -0.0268507650094804 0.361024918267868
0.547533309506068 0.208889231359058 0.628337091514524
0.370225066931859 0.483720882779741 0.39690881521132
0.532312342874305 0.0974470800753852 0.499023189360192
0.560110597598699 -0.034886859018643 0.754964062937172
0.682916425892664 0.635314637066405 0.206066556056489
0.858311613236906 0.0285828792619432 0.369032342740375
0.515335487140626 0.0546526025883015 0.601937806002578
0.415884163161881 0.663138135903902 0.401346624444043
0.645661567812955 0.0456898452640972 0.58757871312632
0.508137810451871 0.0804202585797547 0.336917900251129
0.703874357353106 0.306998415796577 0.212894423309072
0.380006339281208 0.132495456158502 0.742568157099896
0.447921164761276 0.237166038171944 0.346538953548837
0.69199234076422 -0.00847086852356554 0.786889616963417
0.368113526511635 0.175775667146154 0.711691043552189
0.687612404570088 0.138696362742743 0.23369558604027
0.591909396056785 0.525131426711267 0.429444135785254
0.597928900252541 0.518780249457935 0.0948554954865452
0.696305259793541 0.473796017531322 0.163753203537232
0.590898407168593 0.624175523470356 0.296527143886824
0.564180163563173 0.322143496246103 0.370856952023582
0.511419353155609 0.16750614200236 0.513401930421791
0.571946088756722 -0.0494813065929885 0.756216659821324
0.624728314667152 0.517638504555509 0.223251537736076
0.335092790060032 0.365393486119996 0.78815037174973
0.465264015877127 0.318682395896769 0.761383412812943
0.41323832069947 0.315925962502595 0.411019059329993
0.645137717824733 0.661872247090706 0.252190071296961
0.71243678899923 0.0886987124767425 0.272001132562069
0.57556034469758 0.138096027065273 0.533306673206304
0.38037730591063 0.365389322337881 0.0970388615082796
0.825725708000581 -0.0213479518243586 0.32815810675257
0.506587780131287 0.498543117203726 0.0791385753572593
0.831088217651582 0.105215914937465 0.319947420676185
0.592719715416942 -0.102760453253714 0.423971998041751
0.680696690995578 0.138994485648546 0.41860595411963
0.434855681308257 0.144671023705408 0.60123554177528
0.604373361903853 0.0967746228925 0.615908416562622
0.448156491115097 0.0964873863820271 0.826844335983923
0.510338058381081 0.522232304963196 0.0699772870188398
0.584428928573734 0.414424072309503 0.290612677792322
0.510139325200855 0.208679095552817 0.271385482303889
0.5109301460368 0.388685231698573 0.573831410524927
0.402008343554151 0.681529327852541 0.443217863933305
0.478096524194015 0.265062910241525 0.646954240985355
0.39843268766015 0.375032676386803 0.116644662754244
0.729350723097137 0.449812212036272 0.175373562273428
0.608453187048899 0.580798742466306 0.113004685566393
0.590864142875308 0.345044830234416 0.216325391839519
0.511727072871371 0.517988961761184 0.437983615578304
0.547022386793631 0.15544346393049 0.662562270165856
0.520422009276863 0.536126880025511 0.404054132112208
0.677334256615103 0.622410336275289 0.159709146245565
0.356295087625158 0.581766424271785 0.515708936139647
0.708820172452057 0.052164752638499 0.485621177618147
0.628918768167787 -0.0461991782996124 0.813934453961266
0.646407306189578 0.443374247883886 0.142030273987456
0.778687492009898 0.174676765718827 0.29544476030137
0.491256641830342 0.00737610313411526 0.773761352269688
0.477593861124074 0.247433910048519 0.657652634190829
0.672978270264124 0.539165998579239 0.375154833979109
0.531520166830518 0.152122037994032 0.832751632519689
0.543009916811084 0.0747377276176769 0.45438443225059
0.499161070005166 0.410189862362689 0.578852011453966
0.538854549302375 0.0453068822425979 0.399186078760807
0.511907473922298 0.22385175276637 0.59004670965303
0.481069206723106 0.143850234413904 0.274765748617847
0.659115612033147 0.226105037589472 0.382454847224791
0.362394330836672 0.559533856876063 0.407822664324902
0.416353122292993 0.110191825553951 0.795578562893914
0.473688150456938 0.480185226420349 0.445891797728368
0.635483461098482 0.325195606984368 0.218443667799977
0.639660466498798 -0.105173014461819 0.323606058419271
0.510791873661701 0.0258023416827928 0.508716632648977
0.536280446825492 0.0713205084952234 0.846021011059479
0.492488391461652 -0.0437937045424361 0.385402103057884
0.559290732378819 -0.113710660764569 0.344515857084602
0.440458832213057 0.352524520119813 0.185357816644374
0.32328699075689 0.224681931520037 0.742508998118156
0.575759968233227 0.329360675063903 0.227868853706232
0.579246931421926 -0.0708311421893252 0.342611280050905
0.482501084511956 0.0819780325962039 0.597958744374225
0.669785691964209 -0.0591240720176627 0.754479335815187
0.736955139638798 0.183903967024748 0.230556668813368
0.392233756514506 0.201098894971648 0.652280216162
0.613164523249375 -0.0266722269553568 0.727804190782789
0.543487751208119 0.300457022225731 0.54160132295767
0.647707337404984 -0.0275500904601365 0.779643959055765
0.4254604856569 0.210277387153703 0.607350247910191
0.481051559161151 0.327371139224345 0.682814369257457
0.522179718003229 0.0409343968042787 0.847659845587717
0.642202717103446 0.632490119573228 0.270876774245994
0.52079956694098 -0.133189543430956 0.305837722809978
0.586999967527687 0.00948679184992093 0.258571542614087
0.645367866473159 0.00696097195891492 0.575583071152023
0.470775375519476 0.611119232274484 0.45392829811715
0.589249839121006 -0.096297375920193 0.735012047156239
0.536419985592176 0.654733977719328 0.335183447284938
0.499746104361289 0.482047561071707 0.418073154367788
0.392404645763864 0.344904547497822 0.554880757990741
0.457314544401695 0.386583289625555 0.152402982091726
0.436285209279818 0.427154894656837 0.19336991540593
0.418308066711107 0.357781214862038 0.170029290248469
0.510410215932389 0.119639601619118 0.373611276870118
0.465652393443166 0.329175137429986 0.746039681216777
0.527092855172507 0.501319091010842 0.239166185770274
0.486840285169065 0.0136191423502358 0.362063426422352
0.590984326557556 0.51281195509417 0.41332781569463
0.770117213904297 -0.0189426313234771 0.378093566423288
0.383946945720464 0.426285999732179 0.609031783675918
0.440434332176286 0.215995573450865 0.592031164136437
0.489257914790888 0.542417419598265 0.284131438914342
0.501689090572095 0.174853984483073 0.272698902513119
0.396576165124344 0.605823524523021 0.399520418936559
0.621070974665408 0.274669016852321 0.352781701430493
0.405971040942577 0.228307617741285 0.733555087197875
0.585632179012246 0.155365243631121 0.783639334473965
0.531707205822742 0.105993345286954 0.763067876047899
0.619407363859536 0.532222257336748 0.396696237962706
0.63805000345075 0.526916184727794 0.382560797530672
0.563828787928079 -0.0621770422683992 0.376068503020794
0.635738607697927 0.0483830754804472 0.820607195584092
0.733038822682572 0.376699098687638 0.187401820019833
0.597099443480882 0.245790242479409 0.261537386139995
0.434128359569107 0.695897582717408 0.483591396430877
0.42996726996792 0.385710436506448 0.136072950424994
0.466752514254769 0.0687406619727932 0.673210215918842
0.487974635373002 0.0743619268737272 0.550582468377417
0.687965708146944 0.525955478730787 0.369545986899481
0.411533600205974 0.199856944809919 0.82667149412169
0.711485450415658 -0.0825126031602856 0.319918736659121
0.68249175132606 0.00121299542054726 0.774003172122356
0.533764426890867 0.0246836029706116 0.873493353541881
0.474280122010823 0.0993274510483544 0.263173538063803
0.71332352275478 -0.0081260290043445 0.274775636237669
0.541978087610607 0.054595664336849 0.451984230934084
0.503089206508019 0.257171797589772 0.789948194872752
0.673897738133189 0.572644568806041 0.116173076565223
0.400313087298127 0.333976113094378 0.548642105409824
0.4974286914856 0.535442582878552 0.551688549900873
0.46441029330943 0.63229277403682 0.380130324533161
0.41611428711115 0.315595562417293 0.545232489688319
0.560230696024319 0.0252513559957568 0.692749782264176
0.351859699392079 0.568579716506303 0.438765320810094
0.530935509998659 0.492575390610831 0.276463582069768
0.666782926847937 0.00110549920235021 0.731614596316437
0.477182259839062 0.0852266531193891 0.231181490907863
0.564652615533853 0.204417094804443 0.236183593008191
0.615871872232901 0.0354351474903835 0.604597294565968
0.490395397047841 0.249110967620165 0.806810863863045
0.53369695250303 0.504876339865087 0.293800918724298
0.509956511209524 0.0304228513325437 0.573414234816236
0.619442781602954 0.0399471244920585 0.819573788729918
0.49218224914904 0.181163576565228 0.42751131657967
0.636934751530754 0.0991828244851281 0.548484264460788